[gd_scene load_steps=10 format=2]

[ext_resource path="res://Scripts/Arenas/TutorialArena.gd" type="Script" id=1]
[ext_resource path="res://Scenes/Player/Player.tscn" type="PackedScene" id=2]
[ext_resource path="res://Assets/Materials/Dark.tres" type="Material" id=3]
[ext_resource path="res://Scenes/Tutorial/Cat.tscn" type="PackedScene" id=4]
[ext_resource path="res://Scenes/Tutorial/Graffiti.tscn" type="PackedScene" id=5]
[ext_resource path="res://Assets/Materials/Purple.tres" type="Material" id=6]
[ext_resource path="res://Assets/Materials/Green.tres" type="Material" id=7]
[ext_resource path="res://Assets/Materials/Red.tres" type="Material" id=8]

[sub_resource type="BoxShape" id=1]
extents = Vector3( 100, 10, 100 )

[node name="TutorialArena" type="Spatial"]
script = ExtResource( 1 )

[node name="DirectionalLight" type="DirectionalLight" parent="."]
transform = Transform( 1, 0, 0, 0, 0.258819, 0.965926, 0, -0.965926, 0.258819, 0, 0, 0 )
shadow_enabled = true

[node name="CSGCombiner" type="CSGCombiner" parent="."]
use_collision = true

[node name="Floor" type="CSGBox" parent="CSGCombiner"]
transform = Transform( 1, 0, 0, 0, 1, 0, 0, 0, 1, 0, -25, 0 )
width = 30.0
depth = 30.0
material = ExtResource( 3 )

[node name="Wall" type="CSGBox" parent="CSGCombiner"]
transform = Transform( 1, 0, 0, 0, 2.98023e-08, -1, 0, 1, 2.98023e-08, 0, -1, 15 )
width = 30.0
depth = 50.0
material = ExtResource( 3 )

[node name="Wall2" type="CSGBox" parent="CSGCombiner"]
transform = Transform( 1, 0, 0, 0, 2.98023e-08, -1, 0, 1, 2.98023e-08, 0, -1, -14 )
width = 30.0
depth = 50.0
material = ExtResource( 3 )

[node name="Wall3" type="CSGBox" parent="CSGCombiner"]
transform = Transform( -4.37114e-08, 1, 2.98023e-08, 0, 2.98023e-08, -1, -1, -4.37114e-08, -1.3027e-15, 14, -1, 1 )
width = 30.0
depth = 50.0
material = ExtResource( 3 )

[node name="Wall4" type="CSGBox" parent="CSGCombiner"]
transform = Transform( -4.37114e-08, 1, 2.98023e-08, 0, 2.98023e-08, -1, -1, -4.37114e-08, -1.3027e-15, -14, -1, 1 )
width = 30.0
depth = 50.0
material = ExtResource( 3 )

[node name="CSGBox2" type="CSGBox" parent="CSGCombiner"]
transform = Transform( 1, 0, 0, 0, 1, 0, 0, 0, 1, 10, -23, 9 )
use_in_baked_light = true
width = 8.0
depth = 10.0
material = ExtResource( 6 )

[node name="CSGBox3" type="CSGBox" parent="CSGCombiner"]
transform = Transform( 1, 0, 0, 0, 1, 0, 0, 0, 1, -11, -19, 12 )
use_in_baked_light = true
width = 6.0
depth = 4.0
material = ExtResource( 6 )

[node name="CSGBox4" type="CSGBox" parent="CSGCombiner"]
transform = Transform( 1, 0, 0, 0, 1, 0, 0, 0, 1, -13, -13, 3 )
use_in_baked_light = true
height = 8.0
depth = 14.0
material = ExtResource( 7 )

[node name="CSGBox5" type="CSGBox" parent="CSGCombiner"]
transform = Transform( 1, 0, 0, 0, 1, 0, 0, 0, 1, -10, -13, -12.47 )
use_in_baked_light = true
width = 4.0
depth = 4.0
material = ExtResource( 6 )

[node name="CSGBox6" type="CSGBox" parent="CSGCombiner"]
transform = Transform( 1, 0, 0, 0, 1, 0, 0, 0, 1, 11, -6, -11.47 )
use_in_baked_light = true
material = ExtResource( 8 )

[node name="CSGBox7" type="CSGBox" parent="CSGCombiner"]
transform = Transform( 1, 0, 0, 0, 1, 0, 0, 0, 1, 10, -6, -6.47004 )
use_in_baked_light = true
width = 4.0
material = ExtResource( 6 )

[node name="CSGBox8" type="CSGBox" parent="CSGCombiner"]
transform = Transform( 1, 0, 0, 0, 1, 0, 0, 0, 1, -9, -2, 9.52996 )
use_in_baked_light = true
width = 8.0
depth = 8.0
material = ExtResource( 6 )

[node name="CSGBox9" type="CSGBox" parent="CSGCombiner"]
transform = Transform( 1, 0, 0, 0, 1, 0, 0, 0, 1, -9, -1, -9.47004 )
use_in_baked_light = true
width = 4.0
depth = 4.0
material = ExtResource( 6 )

[node name="CSGBox10" type="CSGBox" parent="CSGCombiner"]
transform = Transform( 1, 0, 0, 0, 1, 0, 0, 0, 1, 8, 3, -4.47004 )
use_in_baked_light = true
width = 4.0
depth = 4.0
material = ExtResource( 6 )

[node name="CSGBox11" type="CSGBox" parent="CSGCombiner"]
transform = Transform( 1, 0, 0, 0, 1, 0, 0, 0, 1, 4, 6, 4.52996 )
use_in_baked_light = true
height = 6.0
depth = 12.0
material = ExtResource( 7 )

[node name="CSGBox12" type="CSGBox" parent="CSGCombiner"]
transform = Transform( 1, 0, 0, 0, 1, 0, 0, 0, 1, 1, 4, 12.53 )
use_in_baked_light = true
width = 14.0
depth = 4.0
material = ExtResource( 6 )

[node name="CSGBox13" type="CSGBox" parent="CSGCombiner"]
transform = Transform( 1, 0, 0, 0, 1, 0, 0, 0, 1, -2, 10, -1.47004 )
use_in_baked_light = true
width = 8.0
depth = 4.0
material = ExtResource( 8 )

[node name="CSGBox14" type="CSGBox" parent="CSGCombiner"]
transform = Transform( 1, 0, 0, 0, 1, 0, 0, 0, 1, -2, 16, 8.52996 )
use_in_baked_light = true
width = 4.0
depth = 4.0
material = ExtResource( 8 )

[node name="CSGBox15" type="CSGBox" parent="CSGCombiner"]
transform = Transform( 1, 0, 0, 0, 1, 0, 0, 0, 1, 11, 16, 8.52996 )
use_in_baked_light = true
width = 4.0
depth = 4.0
material = ExtResource( 6 )

[node name="CSGBox16" type="CSGBox" parent="CSGCombiner"]
transform = Transform( 1, 0, 0, 0, 1, 0, 0, 0, 1, 8, 23, -8.47004 )
use_in_baked_light = true
width = 8.0
depth = 8.0
material = ExtResource( 6 )

[node name="FPS" parent="." instance=ExtResource( 2 )]
transform = Transform( -0.707107, 0, -0.707107, 0, 1, 0, 0.707107, 0, -0.707107, -11, -23, -12 )

[node name="Cats" type="Spatial" parent="."]

[node name="Cat" parent="Cats" instance=ExtResource( 4 )]
transform = Transform( 0.707107, 0, -0.707107, 0, 1, 0, 0.707107, 0, 0.707107, -8, -24, -8 )
visible = false
text = "Hello!
I am Mr Dog. Welcome to ${GameName}!
Let me guide you through this tutorial!"

[node name="Cat2" parent="Cats" instance=ExtResource( 4 )]
transform = Transform( 0.866025, 0, -0.5, 0, 1, 0, 0.5, 0, 0.866025, 4, -24, -1 )
visible = false
text = "You can jump with [space].
If you jump on a ledge, keep pressing
space or [w] to climb up!"

[node name="Cat3" parent="Cats" instance=ExtResource( 4 )]
transform = Transform( 0.866025, 0, -0.5, 0, 1, 0, 0.5, 0, 0.866025, 11, -22, 12 )
visible = false
text = "Press [shift] to gain a 
small burst of speed in the
direction you are facing!"

[node name="Cat4" parent="Cats" instance=ExtResource( 4 )]
transform = Transform( -0.999999, 0, -2.08616e-07, 0, 1, 0, 2.08616e-07, 0, -0.999999, -12, -18, 11 )
visible = false
text = "If you jump on a wall, you 
can keep pressing [w] to run
on it, as long as it's near you.
You gain a bit of altitude whjle doing this."

[node name="Cat5" parent="Cats" instance=ExtResource( 4 )]
transform = Transform( -1.64905e-07, 0, 0.999999, 0, 1, 0, -0.999999, 0, -1.64905e-07, -9, -12, -12.5655 )
visible = false
text = "Use your grappling hook
to travel great distances!
When your crosshair changes, press [right click]"

[node name="Cat6" parent="Cats" instance=ExtResource( 4 )]
transform = Transform( 2.52328e-07, 0, -0.999999, 0, 1, 0, 0.999999, 0, 2.52328e-07, 10, -5, -6.56545 )
visible = false
text = "Sometimes you won't have a clear
path to your goal. Don't worry!
You can use "

[node name="Cat7" parent="Cats" instance=ExtResource( 4 )]
transform = Transform( -0.707106, 0, -0.707107, 0, 1, 0, 0.707107, 0, -0.707106, -10, -1, 10.4345 )
visible = false
text = "When you are playing with friends, you can
use your throwable as a terrain
to block their path!"

[node name="Cat8" parent="Cats" instance=ExtResource( 4 )]
transform = Transform( 0.707106, 0, 0.707107, 0, 1, 0, -0.707107, 0, 0.707106, 10, 24, -10.5655 )
visible = false
text = "This concludes the tutorial.
You can come back here any time you want
to visit me ot to practice.
Jump outside to go back to the menu :3c"

[node name="Graffitis" type="Spatial" parent="."]

[node name="Graffiti" parent="Graffitis" instance=ExtResource( 5 )]
transform = Transform( 0.707107, 0, -0.707107, 0, 1, 0, 0.707107, 0, 0.707107, -7, -23.9, -10 )
text = "RUN >>"

[node name="Graffiti2" parent="Graffitis" instance=ExtResource( 5 )]
transform = Transform( -0.690684, -0.131541, -0.711093, 0.719751, -0.220369, -0.658329, -0.0701054, -0.966506, 0.246882, 9, -22.9, 3.92418 )
text = "GO UP >>"

[node name="Graffiti3" parent="Graffitis" instance=ExtResource( 5 )]
transform = Transform( -0.958025, -0.00373365, -0.28666, 0.277981, -0.256616, -0.925676, -0.0701054, -0.966506, 0.246882, 5, -18.9, 13.9242 )
text = "DASH >>"

[node name="Graffiti4" parent="Graffitis" instance=ExtResource( 5 )]
transform = Transform( 0.0282522, 0.993818, -0.107363, 0.285289, -0.110955, -0.951998, -0.958025, -0.00373361, -0.28666, -12.9687, -14.0066, 8.14476 )
text = "YOU KNOW THE DRILL >>"

[node name="Graffiti5" parent="Graffitis" instance=ExtResource( 5 )]
transform = Transform( 0.915983, -0.2608, 0.304893, 0.285289, -0.110955, -0.951998, 0.282111, 0.958995, -0.0272298, -11.8172, -12.8914, -2.58255 )
text = "DASH"

[node name="Graffiti6" parent="Graffitis" instance=ExtResource( 5 )]
transform = Transform( -0.04138, -0.932464, 0.358884, 0.0175631, -0.359815, -0.932859, 0.998989, -0.0322986, 0.0312661, 0.182767, -5.89142, -10.5825 )
text = "RADICAL!!!"

[node name="Graffiti7" parent="Graffitis" instance=ExtResource( 5 )]
transform = Transform( -0.826564, 0.561704, 0.0357753, -0.15829, -0.170991, -0.972475, -0.540126, -0.809475, 0.230247, 4.18277, -1.89142, -0.582547 )
text = "DUCK TIME"

[node name="Graffiti8" parent="Graffitis" instance=ExtResource( 5 )]
transform = Transform( -4.37114e-08, 1, -4.37114e-08, 0, -4.37114e-08, -1, -1, -4.37114e-08, 1.91069e-15, -12.9859, 1.10858, 11.4175 )
text = "WHAT DO YOU MEAN YOU DON'T HAVE FRIENDS"

[node name="Area" type="Area" parent="."]

[node name="CollisionShape" type="CollisionShape" parent="Area"]
transform = Transform( 1, 0, 0, 0, 1, 0, 0, 0, 1, 0, -63, 0 )
shape = SubResource( 1 )

[connection signal="body_entered" from="Area" to="." method="_on_Area_body_entered"]
